-224368880
-408075171
-1901269716
1213852919
-352309702
-1563664626
973996962
-1365928710
-1749770412
1043916028
748638361
-1456220321
1473599864
1757316043
-429814557
1768083129
123457031
-1571333278
-1706851470
-552856658
343160047
835262175
2137057600
-2067955440
-1942814421
1984307402
-1619243154
1246864685
-1416717937
1248945804
673420208
849179750
154491333
-2129240287
553677543
-1095888642
-808181870
1255033100
-573758961
-562381772
-1360926626
1508299659
-1753280165
-1331936110
-699841806
510502668
-1128776291
1373406599
932223362
1787265247
-810437653
-1618621389
1638832110
510711340
98052991
1971533186
466104900
1055994406
1836964319
1222662524
-1427501175
-1612070016
-1634540227
1229445082
-1213768519
1513803039
243800351
-2046453285
-1633399797
-809308654
194363714
369810776
-1431124872
1962308798
1390071483
1941921046
478938494
-725864099
-1251562656
776743515
-744864991
-601850967
-2071830683
-1480455229
15826482
-146382893
-1682707127
-884574893
700914899
-1559615814
289474546
-980455986
1168901945
-28856999
2057602839
-1247283897
1589988531
2112503680
-1950597667
-1183072009
