-2129240287
-2071830683
-2067955440
-2046453285
-1950597667
-1942814421
-1901269716
-1753280165
-1749770412
-1706851470
-1682707127
-1634540227
-1633399797
-1619243154
-1618621389
-1612070016
-1571333278
-1563664626
-1559615814
-1480455229
-1456220321
-1431124872
-1427501175
-1416717937
-1365928710
-1360926626
-1331936110
-1251562656
-1247283897
-1213768519
-1183072009
-1128776291
-1095888642
-980455986
-884574893
-810437653
-809308654
-808181870
-744864991
-725864099
-699841806
-601850967
-573758961
-562381772
-552856658
-429814557
-408075171
-352309702
-224368880
-146382893
-28856999
15826482
98052991
123457031
154491333
194363714
243800351
289474546
343160047
369810776
466104900
478938494
510502668
510711340
553677543
673420208
700914899
748638361
776743515
835262175
849179750
932223362
973996962
1043916028
1055994406
1168901945
1213852919
1222662524
1229445082
1246864685
1248945804
1255033100
1373406599
1390071483
1473599864
1508299659
1513803039
1589988531
1638832110
1757316043
1768083129
1787265247
1836964319
1941921046
1962308798
1971533186
1984307402
2057602839
2112503680
2137057600
